[ 3515.968064] [Project1] 2969 1588101405.365443032 1588101406.672739568
[ 3518.616193] [Project1] 2968 1588101404.025481773 1588101409.320868300
[ 3522.631086] [Project1] 2971 1588101410.641319389 1588101413.335760948
[ 3524.107541] [Project1] 2972 1588101413.437535365 1588101414.812216499
[ 3528.214463] [Project1] 2970 1588101408.749336370 1588101418.919138779
[ 3569.074042] [Project1] 2984 1588101459.635916168 1588101459.778717373
[ 3569.392201] [Project1] 2986 1588101459.789388997 1588101460.096877003
[ 3575.137757] [Project1] 2985 1588101459.649338405 1588101465.842432043
[ 3581.016594] [Project1] 2987 1588101459.805475970 1588101471.721269051
[ 3593.315053] [Project1] 2988 1588101459.809378286 1588101484.019728055
