[ 3919.323982] [Project1] 3068 1588101809.330305573 1588101810.028658068
[ 3920.770422] [Project1] 3069 1588101810.739325876 1588101811.475097363
[ 3922.141005] [Project1] 3070 1588101812.172876634 1588101812.845679941
[ 3923.582016] [Project1] 3071 1588101813.548795891 1588101814.286691047
[ 3925.019338] [Project1] 3072 1588101815.001734739 1588101815.724013058
[ 3926.340234] [Project1] 3073 1588101816.381126685 1588101817.044910044
[ 3927.764746] [Project1] 3074 1588101817.732281486 1588101818.469421849
[ 3929.123010] [Project1] 3075 1588101819.102082335 1588101819.827685211
[ 3930.457852] [Project1] 3076 1588101820.474602368 1588101821.162527531
[ 3931.806524] [Project1] 3077 1588101821.827827710 1588101822.511199426
